{
    "ShorelineWaves": [
        {
            "ID": 0,
            "PositionX": 222.98902893066407,
            "PositionZ": 146.19061279296876,
            "EulerRotation": 87.15226745605469,
            "ScaleX": 14.0,
            "ScaleY": 4.5,
            "ScaleZ": 16.0,
            "TimeOffset": 0.0,
            "DefaultScaleX": 14.0,
            "DefaultScaleY": 4.5,
            "DefaultScaleZ": 16.0
        }
    ]
}